60 -6000 3100 0 0
12 -6000 0 3100 0
60 0 0 0 0
12 0 0 0 0
60 0 0 0 0
12 0 0 0 0
60 0 0 0 0
12 0 0 0 0
71 0 0 0 0
71 1 0 0 0
71 2 0 0 0
71 3 0 0 0
71 4 0 0 0
71 5 0 0 0
71 6 0 0 0
71 7 0 0 0
71 8 0 0 0
71 9 0 0 0
71 10 0 0 0
71 11 0 0 0
71 12 0 0 0
71 13 0 0 0
71 14 0 0 0
71 15 0 0 0
71 16 0 0 0
71 17 0 0 0
71 18 0 0 0
71 19 0 0 0
71 20 0 0 0
71 21 0 0 0
31 0 0 0 0
921 0 0 0 0
931 0 0 0 0
911 0 0 0 0
901 0 0 0 0
60 -6000 3100 0 0
12 -6000 0 3100 0
60 0 0 0 0
12 0 0 0 0
60 0 0 0 0
12 0 0 0 0
60 0 0 0 0
12 0 0 0 0
71 0 0 0 0
71 1 0 0 0
71 2 0 0 0
71 3 0 0 0
71 4 0 0 0
71 5 0 0 0
71 6 0 0 0
71 7 0 0 0
71 8 0 0 0
71 9 0 0 0
71 10 0 0 0
71 11 0 0 0
71 12 0 0 0
71 13 0 0 0
71 14 0 0 0
71 15 0 0 0
71 16 0 0 0
71 17 0 0 0
71 18 0 0 0
71 19 0 0 0
71 20 0 0 0
71 21 0 0 0
31 0 0 0 0
921 0 0 0 0
931 0 0 0 0
911 0 0 0 0
901 0 0 0 0
60 -6000 3100 0 0
12 -6000 0 3100 0
60 0 0 0 0
12 0 0 0 0
60 0 0 0 0
12 0 0 0 0
60 0 0 0 0
12 0 0 0 0
71 0 0 0 0
71 1 0 0 0
71 2 0 0 0
71 3 0 0 0
71 4 0 0 0
71 5 0 0 0
71 6 0 0 0
71 7 0 0 0
71 8 0 0 0
71 9 0 0 0
71 10 0 0 0
71 11 0 0 0
71 12 0 0 0
71 13 0 0 0
71 14 0 0 0
71 15 0 0 0
71 16 0 0 0
71 17 0 0 0
71 18 0 0 0
71 19 0 0 0
71 20 0 0 0
71 21 0 0 0
31 0 0 0 0
921 0 0 0 0
931 0 0 0 0
911 0 0 0 0
901 0 0 0 0
60 -6000 3100 0 0
12 -6000 0 3100 0
60 0 0 0 0
12 0 0 0 0
60 0 0 0 0
12 0 0 0 0
60 0 0 0 0
12 0 0 0 0
71 0 0 0 0
71 1 0 0 0
71 2 0 0 0
71 3 0 0 0
71 4 0 0 0
71 5 0 0 0
71 6 0 0 0
71 7 0 0 0
71 8 0 0 0
71 9 0 0 0
71 10 0 0 0
71 11 0 0 0
71 12 0 0 0
71 13 0 0 0
71 14 0 0 0
71 15 0 0 0
71 16 0 0 0
71 17 0 0 0
71 18 0 0 0
71 19 0 0 0
71 20 0 0 0
71 21 0 0 0
31 0 0 0 0
921 0 0 0 0
931 0 0 0 0
911 0 0 0 0
901 0 0 0 0
60 -6000 3100 0 0
12 -6000 0 3100 0
60 0 0 0 0
12 0 0 0 0
60 0 0 0 0
12 0 0 0 0
60 0 0 0 0
12 0 0 0 0
71 0 0 0 0
71 1 0 0 0
71 2 0 0 0
71 3 0 0 0
71 4 0 0 0
71 5 0 0 0
71 6 0 0 0
71 7 0 0 0
71 8 0 0 0
71 9 0 0 0
71 10 0 0 0
71 11 0 0 0
71 12 0 0 0
71 13 0 0 0
71 14 0 0 0
71 15 0 0 0
71 16 0 0 0
71 17 0 0 0
71 18 0 0 0
71 19 0 0 0
71 20 0 0 0
71 21 0 0 0
31 0 0 0 0
921 0 0 0 0
931 0 0 0 0
911 0 0 0 0
901 0 0 0 0
60 -6000 3100 0 0
12 -6000 0 3100 0
60 0 0 0 0
12 0 0 0 0
60 0 0 0 0
12 0 0 0 0
60 0 0 0 0
12 0 0 0 0
71 0 0 0 0
71 1 0 0 0
71 2 0 0 0
71 3 0 0 0
71 4 0 0 0
71 5 0 0 0
71 6 0 0 0
71 7 0 0 0
71 8 0 0 0
71 9 0 0 0
71 10 0 0 0
71 11 0 0 0
71 12 0 0 0
71 13 0 0 0
71 14 0 0 0
71 15 0 0 0
71 16 0 0 0
71 17 0 0 0
71 18 0 0 0
71 19 0 0 0
71 20 0 0 0
71 21 0 0 0
31 0 0 0 0
921 0 0 0 0
931 0 0 0 0
911 0 0 0 0
901 0 0 0 0
60 -6000 3100 0 0
12 -6000 0 3100 0
60 0 0 0 0
12 0 0 0 0
60 0 0 0 0
12 0 0 0 0
60 0 0 0 0
12 0 0 0 0
71 0 0 0 0
71 1 0 0 0
71 2 0 0 0
71 3 0 0 0
71 4 0 0 0
71 5 0 0 0
71 6 0 0 0
71 7 0 0 0
71 8 0 0 0
71 9 0 0 0
71 10 0 0 0
71 11 0 0 0
71 12 0 0 0
71 13 0 0 0
71 14 0 0 0
71 15 0 0 0
71 16 0 0 0
71 17 0 0 0
71 18 0 0 0
71 19 0 0 0
71 20 0 0 0
71 21 0 0 0
31 0 0 0 0
921 0 0 0 0
931 0 0 0 0
911 0 0 0 0
901 0 0 0 0
60 -6000 3100 0 0
12 -6000 0 3100 0
60 0 0 0 0
12 0 0 0 0
60 0 0 0 0
12 0 0 0 0
60 0 0 0 0
12 0 0 0 0
71 0 0 0 0
71 1 0 0 0
71 2 0 0 0
71 3 0 0 0
71 4 0 0 0
71 5 0 0 0
71 6 0 0 0
71 7 0 0 0
71 8 0 0 0
71 9 0 0 0
71 10 0 0 0
71 11 0 0 0
71 12 0 0 0
71 13 0 0 0
71 14 0 0 0
71 15 0 0 0
71 16 0 0 0
71 17 0 0 0
71 18 0 0 0
71 19 0 0 0
71 20 0 0 0
71 21 0 0 0
31 0 0 0 0
921 0 0 0 0
931 0 0 0 0
911 0 0 0 0
901 0 0 0 0